33.860701243083
32.64716720581067
33.456200917562
31.433600107829005
32.242633819580334
30.220099767048996
31.029099782308
29.006600062052332
29.815600077311
27.793066024780334
28.60209973653167
26.579499562580995
27.388532638549666
25.36599985758433
26.174999872843
24.152499516804998
24.96149953206367
22.938966751098665
23.747999827067
21.7254002889
22.534433364868335
20.511900583903
21.320900599161998
19.298400243123
20.107400258382
18.08486747741667
18.893900553385
16.871300379435336
17.680334091186335
15.65779972076433
16.466800053914668
14.444299697875666
15.253299713134666
13.230766296386667
14.039799690246333
12.017199834188
12.826232910156333
10.803693771362333
11.61270014445
9.590170224507666
10.399187088012667
8.376643180847333
9.185660044352334
7.163119951883999
7.972136497497666
5.9495935440063334
6.758610089619999
4.736070156097334
5.545086860656667
3.522543430328333
4.331560134887667
2.309020042419333
3.118036746978666
1.9045100212096664
1.9045100212096664
2.309020042419333
3.118036746978666
3.522543430328333
4.331560134887667
4.736070156097334
5.545086860656667
5.9495935440063334
6.758610089619999
7.163119951883999
7.972136497497666
8.376643180847333
9.185660044352334
9.590170224507666
10.399187088012667
10.803693771362333
11.61270014445
12.017199834188
12.826232910156333
13.230766296386667
14.039799690246333
14.444299697875666
15.253299713134666
15.65779972076433
16.466800053914668
16.871300379435336
17.680334091186335
18.08486747741667
18.893900553385
19.298400243123
20.107400258382
20.511900583903
21.320900599161998
21.7254002889
22.534433364868335
22.938966751098665
23.747999827067
24.152499516804998
24.96149953206367
25.36599985758433
26.174999872843
26.579499562580995
27.388532638549666
27.793066024780334
28.60209973653167
29.006600062052332
29.815600077311
30.220099767048996
31.029099782308
31.433600107829005
32.242633819580334
32.64716720581067
33.456200917562
33.860701243083
33.051700592041
33.860701243083
32.64716720581067
33.456200917562
31.433600107829005
32.242633819580334
30.220099767048996
31.029099782308
29.006600062052332
29.815600077311
27.793066024780334
28.602099736531667
26.579499562580995
27.388532638549666
25.36599985758433
26.174999872843
24.152499516804998
24.961499532063666
22.938966751098665
23.747999827067
21.7254002889
22.534433364868335
20.511900583903
21.320900599161998
19.298400243123
20.107400258382
18.08486747741667
18.893900553385
16.871300379435336
17.680334091186335
15.65779972076433
16.466800053914668
14.444299697875666
15.253299713134666
13.230766296386667
14.039799690246332
12.017199834188
12.826232910156333
10.803693771362333
11.61270014445
9.590170224507666
10.399187088012667
8.376643180847333
9.185660044352332
7.163119951883999
7.972136497497666
5.9495935440063334
6.758610089619999
4.736070156097334
5.545086860656667
3.522543430328333
4.331560134887667
2.309020042419333
3.118036746978666
1.9045100212096664
1.5
1.5
1.5
1.5
1.5
1.5
1.5
1.5
1.5
1.5
1.5
1.5
1.5
1.5
1.5
1.5
1.5
1.5
1.5
1.5
1.5
1.5
1.5
1.5
1.5
1.5
1.5
1.5
1.5
1.5
1.5
1.5
1.5
1.5
1.5
1.5
1.5
1.5
1.5
1.5
1.5
1.5
1.5
1.5
1.5
1.5
1.5
1.5
1.5
1.5
1.5
1.5
1.5
1.5
0.5
-0.5
0.5
-0.5
0.5
-0.5
0.5
-0.5
0.5
-0.5
0.5
-0.5
0.5
-0.5
0.5
-0.5
0.5
-0.5
0.5
-0.5
0.5
-0.5
0.5
-0.5
0.5
-0.5
0.5
-0.5
0.5
-0.5
0.5
-0.5
0.5
-0.5
0.5
-0.5
0.5
-0.5
0.5
-0.5
0.5
-0.5
0.5
-0.5
0.5
-0.5
0.5
-0.5
0.5
-0.5
0.5
-0.5
0.5
-0.5
-1.9045100212096664
-3.118036746978666
-2.309020042419333
-4.331560134887667
-3.522543430328333
-5.545086860656667
-4.736070156097334
-6.758610089619999
-5.9495935440063334
-7.972136497497666
-7.163119951883999
-9.185660044352334
-8.376643180847333
-10.399187088012667
-9.590170224507666
-11.61270014445
-10.803693771362333
-12.826232910156333
-12.017199834188
-14.039799690246333
-13.230766296386667
-15.253299713134666
-14.444299697875666
-16.466800053914668
-15.65779972076433
-17.680334091186335
-16.871300379435336
-18.893900553385
-18.08486747741667
-20.107400258382
-19.298400243123
-21.320900599161998
-20.511900583903
-22.534433364868335
-21.7254002889
-23.747999827067
-22.938966751098665
-24.96149953206367
-24.152499516804998
-26.174999872843
-25.36599985758433
-27.388532638549666
-26.579499562580995
-28.60209973653167
-27.793066024780334
-29.815600077311
-29.006600062052332
-31.029099782308
-30.220099767048996
-32.242633819580334
-31.433600107829005
-33.456200917562
-32.64716720581067
-33.860701243083
-33.051700592041
-33.860701243083
-33.456200917562
-32.64716720581067
-32.242633819580334
-31.433600107829005
-31.029099782308
-30.220099767048996
-29.815600077311
-29.006600062052332
-28.602099736531667
-27.793066024780334
-27.388532638549666
-26.579499562580995
-26.174999872843
-25.36599985758433
-24.961499532063666
-24.152499516804998
-23.747999827067
-22.938966751098665
-22.534433364868335
-21.7254002889
-21.320900599161998
-20.511900583903
-20.107400258382
-19.298400243123
-18.893900553385
-18.08486747741667
-17.680334091186335
-16.871300379435336
-16.466800053914668
-15.65779972076433
-15.253299713134666
-14.444299697875666
-14.039799690246332
-13.230766296386667
-12.826232910156333
-12.017199834188
-11.61270014445
-10.803693771362333
-10.399187088012667
-9.590170224507666
-9.185660044352332
-8.376643180847333
-7.972136497497666
-7.163119951883999
-6.758610089619999
-5.9495935440063334
-5.545086860656667
-4.736070156097334
-4.331560134887667
-3.522543430328333
-3.118036746978666
-2.309020042419333
-1.9045100212096664
-1.5
-1.5
-1.5
-1.5
-1.5
-1.5
-1.5
-1.5
-1.5
-1.5
-1.5
-1.5
-1.5
-1.5
-1.5
-1.5
-1.5
-1.5
-1.5
-1.5
-1.5
-1.5
-1.5
-1.5
-1.5
-1.5
-1.5
-1.5
-1.5
-1.5
-1.5
-1.5
-1.5
-1.5
-1.5
-1.5
-1.5
-1.5
-1.5
-1.5
-1.5
-1.5
-1.5
-1.5
-1.5
-1.5
-1.5
-1.5
-1.5
-1.5
-1.5
-1.5
-1.5
-1.5
0.5
-0.5
0.5
-0.5
0.5
-0.5
0.5
-0.5
0.5
-0.5
0.5
-0.5
0.5
-0.5
0.5
-0.5
0.5
-0.5
0.5
-0.5
0.5
-0.5
0.5
-0.5
0.5
-0.5
0.5
-0.5
0.5
-0.5
0.5
-0.5
0.5
-0.5
0.5
-0.5
0.5
-0.5
0.5
-0.5
0.5
-0.5
0.5
-0.5
0.5
-0.5
0.5
-0.5
0.5
-0.5
0.5
-0.5
0.5
-0.5
-1.9045100212096664
-3.118036746978666
-2.309020042419333
-4.331560134887667
-3.522543430328333
-5.545086860656667
-4.736070156097334
-6.758610089619999
-5.9495935440063334
-7.972136497497666
-7.163119951883999
-9.185660044352332
-8.376643180847333
-10.399187088012667
-9.590170224507666
-11.61270014445
-10.803693771362333
-12.826232910156333
-12.017199834188
-14.039799690246332
-13.230766296386667
-15.253299713134666
-14.444299697875666
-16.466800053914668
-15.65779972076433
-17.680334091186335
-16.871300379435336
-18.893900553385
-18.08486747741667
-20.107400258382
-19.298400243123
-21.320900599161998
-20.511900583903
-22.534433364868335
-21.7254002889
-23.747999827067
-22.938966751098665
-24.961499532063666
-24.152499516804998
-26.174999872843
-25.36599985758433
-27.388532638549666
-26.579499562580995
-28.602099736531667
-27.793066024780334
-29.815600077311
-29.006600062052332
-31.029099782308
-30.220099767048996
-32.242633819580334
-31.433600107829005
-33.456200917562
-32.64716720581067
-33.860701243083
